<h1>Orders</h1>
<table><tr><td>RClass</td><td>[12 15  4  9  1 11  2  0  3 16 17 13 18  5 14  8 19  6  7 10]</td></tr><tr><td>RTDAZ2</td><td>[ 4  9 15 11  2 12  1 17 14 16  0  3  5 13  6 18  8 10 19  7]</td></tr><tr><td>RTDAZ3</td><td>[ 4  9 15 11 12  2  1 17 14 16  3  0  5 13  6 18  8 10 19  7]</td></tr><tr><td>RCutlerDavisFreq</td><td>[ 7  8  6 18  0  4  3 15 19 13  2 10 12  9  5  1 11 16 17 14]</td></tr><tr><td>RCutlerDavisLattice</td><td>[12 15 11 13 10  9  4  3 18  5 19 16  1 17  0  7  6  2  8 14]</td></tr><tr><td>RClarity</td><td>[15  9 10 19 11  4  2 12  1  0 17  3 13 16 14  5  6 18  7  8]</td></tr></table><BR><BR><h1>Kendall Tau</h1><table border = "1" cellpadding = "5"><tr><td></td><td>RClass</td><td>RTDAZ2</td><td>RTDAZ3</td><td>RCutlerDavisFreq</td><td>RCutlerDavisLattice</td><td>RClarity</td></tr><tr><td>RClass</td><td>1</td><td>0.716</td><td>0.716</td><td>-0.158</td><td>0.358</td><td>0.484</td></tr>
<tr><td>RTDAZ2</td><td>0.716</td><td>1</td><td>0.979</td><td>-0.295</td><td>0.2</td><td>0.537</td></tr>
<tr><td>RTDAZ3</td><td>0.716</td><td>0.979</td><td>1</td><td>-0.316</td><td>0.221</td><td>0.516</td></tr>
<tr><td>RCutlerDavisFreq</td><td>-0.158</td><td>-0.295</td><td>-0.316</td><td>1</td><td>-0.0842</td><td>-0.189</td></tr>
<tr><td>RCutlerDavisLattice</td><td>0.358</td><td>0.2</td><td>0.221</td><td>-0.0842</td><td>1</td><td>0.411</td></tr>
<tr><td>RClarity</td><td>0.484</td><td>0.537</td><td>0.516</td><td>-0.189</td><td>0.411</td><td>1</td></tr>
</table><BR><BR><h1>Jaro Winkler</h1><table border = "1" cellpadding = "5"><tr><td></td><td>RClass</td><td>RTDAZ2</td><td>RTDAZ3</td><td>RCutlerDavisFreq</td><td>RCutlerDavisLattice</td><td>RClarity</td></tr><tr><td>RClass</td><td>1</td><td>0.85</td><td>0.85</td><td>0.613</td><td>0.828</td><td>0.785</td></tr>
<tr><td>RTDAZ2</td><td>0.85</td><td>1</td><td>0.98</td><td>0.548</td><td>0.7</td><td>0.822</td></tr>
<tr><td>RTDAZ3</td><td>0.85</td><td>0.98</td><td>1</td><td>0.548</td><td>0.7</td><td>0.804</td></tr>
<tr><td>RCutlerDavisFreq</td><td>0.613</td><td>0.548</td><td>0.548</td><td>1</td><td>0.657</td><td>0.657</td></tr>
<tr><td>RCutlerDavisLattice</td><td>0.828</td><td>0.7</td><td>0.7</td><td>0.657</td><td>1</td><td>0.809</td></tr>
<tr><td>RClarity</td><td>0.785</td><td>0.822</td><td>0.804</td><td>0.657</td><td>0.809</td><td>1</td></tr>
</table>
